"attitude1"	"attitude2"	"attitude3"	"attitude4"	"SN1"	"SN2"	"SN3"	"SN4"	"PBC1"	"PBC2"	"PBC3"	"PBC4"	"int1"	"int2"	"int3"	"int4"	"int5"	"beh1"	"beh2"	"beh3"	"beh4"
"1"	5	2	3	3	4	2	3	4	3	2	2	3	2	3	3	2	3	4	3	4	4
"2"	6	5	5	6	3	3	5	3	3	3	3	3	5	3	5	4	3	4	4	4	6
"3"	4	4	7	3	5	6	5	3	5	4	4	6	6	4	5	5	4	4	5	4	5
"4"	1	2	1	3	4	6	3	3	2	4	2	1	6	3	4	4	3	3	5	4	5
"5"	2	3	3	3	4	3	5	5	4	4	2	4	3	5	5	5	4	5	6	3	2
"6"	5	4	3	3	6	4	5	5	3	3	4	5	6	6	6	6	5	6	6	3	2
"7"	7	5	4	3	4	5	4	4	5	5	4	4	5	5	4	6	7	4	6	5	2
"8"	5	4	5	4	4	3	3	3	4	3	5	5	4	3	5	3	5	4	4	5	5
"9"	4	4	5	4	5	5	5	4	4	4	4	5	5	4	5	3	7	6	5	5	4
"10"	3	4	3	4	4	5	4	4	5	3	5	5	6	3	5	4	5	3	6	5	5
"11"	4	4	4	3	4	4	5	4	2	3	4	5	3	4	5	4	6	6	6	6	3
"12"	3	5	4	5	5	4	4	4	5	5	4	6	3	3	5	3	4	5	6	5	4
"13"	1	4	3	4	6	4	4	7	3	4	3	4	4	4	4	5	6	4	5	6	3
"14"	4	3	5	4	5	5	4	3	6	5	4	6	5	6	7	6	6	6	4	7	5
"15"	5	4	4	4	2	3	4	3	3	3	2	4	3	1	2	2	5	3	4	4	3
"16"	2	5	3	5	3	3	4	3	4	4	5	2	5	3	3	3	4	1	2	3	6
"17"	5	6	4	4	4	4	4	3	4	3	4	4	3	3	2	3	5	4	6	5	3
"18"	6	4	4	4	2	3	3	3	4	4	4	1	3	3	2	5	3	4	2	4	6
"19"	4	4	4	4	4	3	4	5	3	3	3	4	3	2	3	4	3	4	5	5	5
"20"	7	5	4	5	5	4	5	5	4	5	5	4	7	4	6	3	6	3	5	4	5
"21"	5	5	5	4	5	4	4	4	4	3	4	4	4	4	4	2	5	3	5	5	6
"22"	4	3	4	4	4	3	3	4	2	4	4	5	2	2	4	4	4	5	2	2	5
"23"	6	5	5	5	4	3	5	6	4	3	5	5	3	3	6	5	5	5	6	3	3
"24"	3	4	4	5	5	4	3	4	5	5	3	4	4	4	5	5	5	5	5	6	5
"25"	5	5	4	5	6	2	3	1	4	3	4	4	3	5	6	7	5	4	3	5	4
"26"	4	5	3	5	3	2	4	4	5	5	4	7	3	4	2	5	5	4	5	4	4
"27"	7	4	7	4	5	5	4	4	5	2	3	3	4	3	2	4	4	4	4	6	6
"28"	3	4	4	4	4	3	3	5	5	4	4	5	4	3	5	3	4	4	5	4	3
"29"	5	4	5	6	5	3	6	5	5	4	4	6	2	4	4	4	3	2	4	3	5
"30"	2	3	3	4	3	3	5	3	3	4	3	2	3	2	3	3	3	2	5	3	3
"31"	5	3	4	3	5	4	4	5	5	5	2	4	5	4	7	5	4	4	6	4	4
"32"	4	3	4	3	3	1	4	3	4	4	5	5	4	4	4	4	4	5	6	4	4
"33"	4	5	5	5	4	4	2	4	1	3	3	5	4	2	2	4	3	2	4	5	4
"34"	4	6	5	5	7	4	6	5	4	6	3	6	6	7	5	5	7	4	5	4	3
"35"	5	2	3	4	4	5	4	5	4	4	5	4	4	4	5	6	5	5	5	5	3
"36"	5	3	4	4	5	3	4	4	3	3	3	3	4	4	3	4	3	4	7	5	3
"37"	3	5	4	6	7	6	4	4	4	4	5	4	5	5	6	5	5	5	6	5	2
"38"	6	5	5	3	4	4	5	5	4	4	4	4	2	5	4	4	4	3	5	4	4
"39"	4	5	5	5	5	4	5	7	4	4	4	5	6	6	6	4	5	5	7	4	3
"40"	4	4	2	3	3	3	4	1	3	3	4	3	4	4	4	5	4	4	3	4	4
"41"	6	4	5	5	4	3	3	3	3	4	5	4	5	3	5	2	4	3	4	4	6
"42"	3	4	5	6	3	3	3	4	5	2	3	3	4	4	4	3	5	4	2	5	4
"43"	3	5	2	4	5	4	6	5	4	3	3	1	4	4	5	5	6	5	3	4	4
"44"	3	4	3	3	4	5	5	3	1	3	4	3	5	4	3	3	4	4	5	4	4
"45"	4	4	4	4	6	3	4	4	4	4	4	4	3	3	3	2	3	4	4	3	6
"46"	4	4	3	4	6	4	5	3	3	5	3	4	4	3	6	4	6	2	2	3	5
"47"	3	4	5	5	4	3	4	2	2	4	4	4	4	4	3	5	3	4	5	4	4
"48"	7	5	5	4	6	6	5	5	4	4	5	4	6	7	6	7	7	5	5	5	3
"49"	5	3	3	4	3	4	5	4	2	3	3	1	3	3	1	2	5	4	3	5	4
"50"	2	3	4	3	4	5	5	3	3	4	3	4	3	4	3	3	3	2	3	2	6
"51"	5	4	6	6	4	4	5	3	4	6	5	4	4	5	5	5	4	5	4	5	3
"52"	2	4	3	2	3	4	5	4	4	3	3	5	5	3	5	4	4	4	2	4	5
"53"	3	4	3	4	3	3	4	5	4	5	2	3	5	4	5	3	5	6	5	4	4
"54"	3	3	3	3	4	2	4	3	4	4	2	4	4	3	4	3	6	4	4	5	5
"55"	3	3	3	3	6	3	6	3	3	4	5	4	6	4	5	5	4	4	4	5	7
"56"	6	4	4	4	4	3	4	5	4	5	3	2	6	3	4	3	4	4	4	2	4
"57"	5	7	6	5	3	4	6	5	4	5	5	5	5	4	4	3	6	5	5	4	5
"58"	1	1	3	3	3	2	4	3	4	3	3	4	4	3	3	3	4	3	5	4	6
"59"	3	1	3	3	6	3	2	2	3	4	5	3	4	4	5	3	5	4	3	3	6
"60"	5	5	3	3	5	5	5	5	4	4	4	5	4	4	4	5	6	4	4	4	5
"61"	5	2	4	3	3	5	3	3	5	3	5	5	3	5	5	3	4	4	4	4	4
"62"	4	4	5	5	4	3	4	3	4	3	4	6	6	5	4	4	5	4	5	3	3
"63"	3	3	4	5	5	5	3	3	3	3	3	4	4	4	5	6	4	3	5	5	3
"64"	6	4	3	6	3	3	4	4	4	5	4	4	5	4	4	4	6	5	4	4	5
"65"	3	5	4	5	4	4	5	4	2	2	3	4	4	3	4	4	4	5	5	3	2
"66"	4	6	6	4	5	3	5	5	2	4	4	4	4	4	4	5	5	3	4	2	5
"67"	7	4	5	5	3	4	5	3	6	6	5	5	4	7	5	5	6	5	6	5	5
"68"	5	4	3	4	2	4	4	3	3	3	4	3	3	2	3	3	3	5	5	5	4
"69"	4	3	3	5	5	4	3	3	3	3	1	2	3	4	3	4	3	3	3	5	3
"70"	4	5	6	4	3	4	4	5	5	4	5	6	3	3	5	3	3	4	5	5	5
"71"	3	4	5	6	5	5	5	5	6	5	5	6	5	5	6	6	6	5	5	5	2
"72"	5	4	2	4	5	4	4	3	4	4	5	4	5	5	4	5	5	4	6	4	3
"73"	2	3	3	3	4	3	3	4	3	5	4	3	3	5	4	3	3	4	5	3	5
"74"	4	4	6	4	3	4	5	6	3	4	3	3	3	5	3	5	4	3	3	3	2
"75"	3	4	3	4	4	2	4	3	3	5	4	4	4	4	4	3	5	3	6	4	4
"76"	4	5	5	6	4	2	6	4	4	2	4	4	4	4	5	4	4	5	5	6	5
"77"	3	5	4	3	4	4	4	5	6	4	4	4	4	4	4	4	5	5	6	6	1
"78"	6	6	4	4	4	4	5	5	5	4	4	5	7	4	5	4	5	4	4	4	3
"79"	2	4	3	2	3	5	4	4	5	2	3	4	4	3	5	3	4	3	5	4	4
"80"	3	4	4	3	4	4	4	5	5	4	3	4	5	4	5	5	6	3	2	5	6
"81"	3	5	4	4	5	4	4	3	3	2	5	3	3	3	5	2	4	5	6	5	3
"82"	6	3	5	4	3	4	2	4	3	5	5	5	5	5	4	5	4	5	4	4	3
"83"	6	5	6	5	5	4	6	2	2	4	4	3	5	5	4	4	6	4	4	4	4
"84"	3	4	2	4	2	1	4	3	6	5	4	5	2	4	4	3	6	2	4	4	4
"85"	5	4	4	4	7	5	6	3	5	3	4	4	6	3	3	5	2	2	2	3	6
"86"	4	4	3	5	4	4	5	6	2	4	3	3	6	4	4	5	5	3	4	4	6
"87"	3	1	3	3	4	3	3	3	2	4	3	4	5	5	4	3	3	4	6	4	4
"88"	4	5	2	5	4	3	5	3	6	5	5	6	4	3	5	3	5	4	5	5	5
"89"	6	6	6	5	3	3	3	3	4	3	3	4	5	3	4	4	4	5	4	5	4
"90"	4	4	4	7	5	3	4	3	3	4	4	4	5	4	4	5	3	5	4	3	6
"91"	3	3	4	3	4	3	5	3	2	3	2	3	5	4	4	4	4	4	6	3	5
"92"	3	6	6	5	3	4	3	5	2	4	4	3	2	2	4	3	4	3	3	4	6
"93"	4	4	4	3	3	4	3	3	5	4	4	4	3	2	5	3	4	3	3	3	4
"94"	3	3	5	4	3	2	5	1	4	4	4	4	4	3	5	3	4	3	4	5	4
"95"	4	4	2	5	2	4	3	3	3	3	5	5	5	4	5	3	5	4	3	5	5
"96"	4	4	4	4	4	4	5	4	3	6	4	4	2	3	3	4	2	3	2	4	5
"97"	6	7	2	4	4	3	4	4	3	4	4	4	5	5	5	5	4	5	5	6	4
"98"	4	6	4	5	4	2	5	5	4	3	3	4	6	6	6	6	6	7	3	5	4
"99"	5	5	5	5	4	4	4	3	4	4	5	4	3	3	3	3	4	6	4	4	3
"100"	4	4	3	5	5	3	3	4	5	4	4	4	5	7	5	6	5	4	5	4	3
"101"	5	6	4	3	5	1	3	4	4	3	4	3	4	3	4	4	5	3	5	4	4
"102"	3	3	4	2	2	4	5	2	5	4	4	6	3	5	3	3	4	4	4	4	3
"103"	3	3	4	3	3	4	5	6	4	4	3	4	4	4	4	4	5	4	5	5	4
"104"	3	2	3	4	2	3	4	4	1	4	3	4	4	4	3	4	5	4	4	4	5
"105"	4	3	3	6	4	5	4	5	3	4	3	3	7	3	6	4	5	3	5	6	4
"106"	3	6	4	5	4	4	3	3	3	3	1	2	4	4	2	5	3	3	3	4	6
"107"	1	4	5	3	4	4	4	6	5	5	4	5	4	4	4	4	5	5	4	4	5
"108"	4	3	3	3	5	4	4	4	2	3	2	4	2	2	3	3	3	3	3	3	4
"109"	4	5	4	5	4	6	4	4	3	3	5	4	4	4	5	5	5	4	4	4	5
"110"	5	4	5	6	3	3	4	4	3	3	3	2	6	4	4	3	4	5	6	4	3
"111"	5	3	3	5	5	5	6	5	5	4	3	6	6	5	4	5	6	5	4	5	3
"112"	4	3	5	2	2	2	4	3	3	5	3	5	5	4	5	5	5	2	3	4	5
"113"	6	4	5	4	4	4	2	4	1	4	2	3	4	4	3	4	3	3	2	3	7
"114"	3	3	2	4	5	3	4	4	2	3	2	5	4	3	3	2	3	6	6	5	5
"115"	3	4	4	1	3	5	3	3	3	4	4	5	5	4	3	4	5	2	5	5	6
"116"	4	4	3	4	4	4	3	3	4	5	4	5	2	4	4	3	4	2	4	2	6
"117"	3	4	4	4	2	3	3	1	2	2	3	3	2	3	4	4	5	4	4	2	7
"118"	4	4	4	3	5	2	3	4	4	5	5	3	3	3	3	4	5	3	3	2	3
"119"	3	4	3	4	3	5	4	5	4	4	3	5	2	2	2	2	4	3	4	5	4
"120"	2	3	3	4	4	2	4	4	4	3	3	4	2	2	2	3	4	4	4	4	5
"121"	3	5	4	2	3	4	5	3	4	5	2	4	5	2	4	3	4	2	2	5	4
"122"	4	6	4	5	3	3	5	2	4	3	4	3	4	4	3	3	4	5	5	3	4
"123"	4	4	4	3	4	3	3	5	3	2	5	5	3	4	3	4	4	3	6	5	4
"124"	5	4	4	6	4	4	3	1	6	6	5	5	5	3	6	3	5	3	3	5	3
"125"	7	6	5	6	4	4	4	5	6	4	4	4	5	4	5	4	7	5	5	6	4
"126"	4	4	4	3	5	5	4	5	2	4	3	5	2	4	3	3	2	5	4	5	4
"127"	3	2	4	5	4	3	4	3	4	4	4	6	3	2	3	3	4	1	4	2	4
"128"	5	6	4	4	5	4	4	5	5	4	3	4	3	4	3	4	4	5	5	5	5
"129"	4	4	4	4	4	3	3	3	2	2	3	3	5	6	5	6	4	6	6	3	5
"130"	3	4	2	3	3	4	5	4	4	3	4	3	4	3	4	5	4	3	2	3	5
"131"	2	3	1	3	6	4	4	5	4	5	4	5	4	3	4	5	6	6	6	4	1
"132"	3	5	1	3	3	2	5	3	2	4	4	4	6	4	4	4	4	5	6	3	3
"133"	2	3	1	3	4	5	5	4	3	3	3	2	5	4	2	3	5	4	4	3	2
"134"	5	6	4	4	4	3	6	4	3	4	3	5	4	5	5	7	5	4	3	2	6
"135"	7	6	5	6	5	3	5	5	3	5	4	6	5	3	3	3	5	3	5	4	6
"136"	5	3	4	4	3	6	5	5	3	5	4	3	3	2	3	3	4	3	5	4	4
"137"	5	5	5	7	5	5	5	3	4	3	2	3	5	5	5	5	3	2	4	3	5
"138"	4	4	2	3	5	4	4	4	4	4	3	4	5	4	4	4	5	3	5	4	3
"139"	4	4	3	3	4	5	5	4	4	5	4	5	6	4	4	4	5	3	5	7	4
"140"	4	3	4	5	5	4	5	6	4	3	4	3	2	2	4	2	4	2	3	2	5
"141"	3	4	5	4	4	5	4	3	1	3	4	3	3	3	2	3	4	3	3	4	6
"142"	5	4	3	4	5	5	6	4	4	3	5	5	5	4	4	2	3	5	5	6	4
"143"	5	2	3	3	3	5	3	3	3	4	3	5	4	3	4	2	3	2	4	4	6
"144"	4	5	6	7	4	1	3	4	4	4	4	4	6	4	5	4	5	3	5	5	6
"145"	3	3	5	4	5	4	6	6	5	4	4	3	7	4	5	5	5	4	6	5	3
"146"	6	4	5	6	4	4	5	5	5	6	5	6	4	5	4	5	5	3	4	5	3
"147"	4	4	5	3	5	5	6	5	2	2	2	3	4	4	4	3	6	3	4	7	2
"148"	6	5	5	3	5	2	7	4	6	3	4	4	5	4	4	4	5	3	4	5	5
"149"	1	3	3	2	5	4	4	4	2	3	4	5	4	3	3	4	4	4	3	3	5
"150"	5	6	3	6	5	4	5	6	4	4	3	4	4	5	4	5	4	4	4	4	3
"151"	3	3	3	3	5	5	5	4	6	4	4	4	4	4	3	4	5	4	5	6	4
"152"	6	7	5	4	5	3	4	7	4	4	5	4	6	5	6	5	6	6	5	3	4
"153"	5	4	6	5	5	7	7	4	4	4	4	5	6	5	4	4	5	4	5	6	4
"154"	3	5	5	5	5	4	6	5	5	4	3	2	2	3	4	5	6	2	3	2	6
"155"	3	4	3	4	4	4	3	4	2	3	3	3	4	3	5	3	5	4	3	3	5
"156"	5	4	4	4	3	4	6	5	3	4	3	5	5	5	6	4	6	5	5	6	2
"157"	4	3	4	3	5	5	4	4	2	3	3	6	4	5	5	5	6	3	5	5	4
"158"	6	4	5	4	5	4	4	4	4	5	3	5	5	4	5	4	5	2	6	3	5
"159"	4	1	3	4	3	3	4	2	3	5	5	5	4	3	3	2	5	4	6	4	4
"160"	4	2	4	4	4	4	5	4	3	2	3	5	3	4	4	4	4	3	3	4	4
"161"	6	4	5	3	5	5	5	3	5	4	3	4	4	4	3	3	2	3	5	4	7
"162"	4	4	6	2	4	4	4	4	4	4	5	5	3	5	5	3	3	4	4	5	3
"163"	4	3	3	2	3	2	3	3	3	3	2	3	4	4	5	4	4	5	5	4	4
"164"	3	4	4	3	5	5	4	6	3	4	2	3	5	5	5	5	6	3	4	1	5
"165"	6	4	6	5	5	4	4	3	4	4	2	3	6	5	4	5	4	3	4	4	3
"166"	3	5	4	4	4	4	4	3	4	4	5	2	5	5	4	3	4	3	3	3	5
"167"	3	4	5	4	4	3	5	4	4	2	5	3	5	3	5	4	5	4	6	4	4
"168"	3	5	4	5	3	4	4	4	4	4	4	4	3	2	4	1	4	4	4	3	5
"169"	4	4	5	5	3	5	4	5	5	5	4	3	5	4	4	5	4	5	5	4	3
"170"	4	4	4	5	5	5	5	3	5	4	3	6	5	5	3	5	5	2	3	4	5
"171"	2	5	3	4	6	4	4	3	5	4	2	5	6	5	6	6	6	4	4	4	4
"172"	5	2	4	4	1	3	4	3	3	3	3	2	3	3	2	2	2	3	3	3	4
"173"	4	5	3	4	2	2	3	2	4	5	4	6	2	5	4	5	4	4	4	6	2
"174"	4	5	3	3	4	3	4	5	5	5	5	2	3	3	2	4	6	4	5	4	4
"175"	4	4	5	4	1	1	2	3	3	3	2	3	4	3	4	4	3	5	2	4	3
"176"	4	6	5	6	5	5	6	4	3	4	4	4	5	4	5	3	6	5	4	3	3
"177"	4	4	4	4	5	3	5	5	4	4	5	4	6	4	5	5	6	4	5	6	1
"178"	2	4	3	4	3	3	3	3	2	4	3	3	2	2	3	4	3	5	5	5	5
"179"	5	6	6	6	3	3	5	4	5	4	5	7	7	6	6	5	6	4	4	3	3
"180"	5	3	5	3	4	4	3	2	5	5	5	5	4	5	5	7	6	4	4	4	5
"181"	3	4	5	4	3	5	5	5	3	5	4	4	5	3	5	3	5	4	5	4	6
"182"	4	4	4	4	5	5	4	4	5	3	3	3	4	4	6	5	4	3	4	4	3
"183"	3	5	3	3	3	4	5	7	6	4	5	4	6	5	4	5	6	6	6	4	4
"184"	4	2	4	1	5	3	5	3	4	5	3	5	6	5	6	5	5	5	7	7	2
"185"	4	6	5	5	4	6	2	4	4	5	4	4	3	3	4	3	3	2	3	4	5
"186"	3	5	4	5	4	4	5	5	4	3	3	3	5	4	4	4	4	2	4	4	5
"187"	6	5	6	6	5	4	3	4	3	3	2	2	5	4	4	6	7	5	5	6	5
"188"	3	4	4	3	4	3	5	4	4	3	4	4	3	3	3	3	4	4	4	4	2
"189"	4	4	5	4	5	5	6	6	4	4	6	4	4	4	4	4	4	4	7	5	3
"190"	4	5	4	6	4	3	3	3	2	2	2	2	5	5	4	4	5	3	3	3	4
"191"	3	6	5	3	3	4	3	4	2	3	4	4	4	4	3	3	4	5	4	4	6
"192"	3	3	4	4	6	3	4	4	3	5	5	5	5	3	3	3	5	5	5	5	4
"193"	5	3	5	6	4	4	4	4	4	5	4	5	4	3	3	2	5	4	4	3	4
"194"	4	4	3	4	3	4	5	4	5	4	4	4	4	3	5	4	4	4	4	5	3
"195"	5	3	5	4	3	4	4	5	4	4	5	3	6	4	5	4	4	5	6	4	3
"196"	5	5	4	6	6	3	5	3	4	3	4	5	6	5	5	7	5	5	4	4	4
"197"	4	5	5	5	6	5	6	5	5	4	5	5	4	4	5	5	5	5	5	4	2
"198"	3	4	4	4	4	4	3	5	3	3	3	2	2	2	3	3	4	4	4	3	3
"199"	5	5	4	6	5	4	5	6	6	5	4	6	4	3	4	3	4	5	4	6	4
"200"	6	5	5	5	3	2	4	4	4	4	3	4	5	4	5	5	5	5	3	4	4
"201"	5	4	5	6	4	5	4	4	5	4	4	4	5	3	3	4	4	4	6	4	4
"202"	3	3	3	2	5	4	5	3	4	5	5	4	4	4	3	4	7	4	7	6	3
"203"	4	3	4	5	4	5	6	4	3	2	3	3	4	4	4	5	4	3	2	4	3
"204"	5	3	4	3	2	2	6	3	3	1	1	3	4	4	3	3	5	4	5	6	5
"205"	4	5	3	3	3	2	4	4	2	3	4	4	2	4	2	4	4	5	7	3	4
"206"	4	4	6	5	4	4	3	3	3	5	4	6	5	4	4	4	5	4	4	3	4
"207"	6	4	7	3	3	5	5	6	6	4	5	5	7	3	4	4	6	5	3	4	6
"208"	7	5	5	4	6	5	5	7	4	5	4	4	5	5	4	5	7	6	4	6	2
"209"	4	5	4	6	4	3	5	5	4	5	4	3	6	4	5	4	4	4	3	1	3
"210"	5	5	4	5	4	2	3	4	3	4	2	4	3	5	5	4	5	2	4	5	4
"211"	3	3	5	4	2	3	3	4	4	4	2	3	3	3	3	3	3	2	4	1	6
"212"	6	5	4	4	5	2	4	3	1	3	2	2	5	4	5	5	4	4	5	4	5
"213"	2	4	2	3	4	5	3	5	7	6	5	6	4	3	4	4	6	4	5	4	5
"214"	2	4	4	1	4	4	3	4	3	4	3	5	2	2	3	2	4	5	3	5	5
"215"	5	3	3	3	4	4	4	3	5	3	4	4	4	3	5	2	5	5	4	4	5
"216"	3	4	3	5	4	3	6	5	5	4	3	3	5	3	6	2	4	4	4	3	3
"217"	6	5	6	6	5	2	5	6	3	2	4	4	5	4	4	4	5	3	5	5	4
"218"	4	4	3	3	4	6	4	3	2	3	3	4	2	2	2	2	3	1	2	4	5
"219"	3	5	4	4	1	2	2	2	3	3	3	4	6	4	5	3	6	5	4	4	5
"220"	1	3	2	6	5	5	4	6	4	5	4	4	6	5	5	5	4	5	6	5	1
"221"	5	4	3	4	3	3	3	4	2	3	3	4	5	3	5	2	2	2	3	3	6
"222"	5	4	3	4	3	3	3	3	4	2	4	4	4	6	4	5	4	3	3	4	4
"223"	5	4	3	4	4	3	5	4	4	3	5	3	1	4	3	4	4	4	2	2	5
"224"	4	4	3	5	4	4	5	5	4	3	3	1	5	3	4	4	3	5	6	5	2
"225"	5	4	4	5	4	4	4	2	2	2	4	4	3	4	3	4	4	2	4	4	4
"226"	4	4	3	5	5	3	5	4	3	4	4	4	4	5	3	5	3	4	6	4	3
"227"	5	4	4	4	4	4	4	2	4	4	5	6	3	3	4	3	6	2	4	4	5
"228"	5	4	2	6	6	4	6	6	3	4	5	5	6	4	4	4	5	6	7	7	5
"229"	4	4	3	3	3	3	3	5	5	5	4	7	3	3	4	5	4	4	4	5	4
"230"	2	5	5	5	4	4	5	5	5	6	3	4	5	3	5	5	5	4	4	4	3
"231"	2	4	2	4	2	1	3	4	4	4	4	4	2	2	5	3	3	1	3	2	6
"232"	5	5	5	6	5	4	3	4	5	3	4	4	4	4	5	4	4	5	7	6	2
"233"	4	3	3	3	5	4	4	5	5	5	4	5	4	4	3	2	4	2	5	4	5
"234"	5	4	3	4	4	4	4	4	3	4	4	4	3	4	4	4	4	5	3	3	5
"235"	6	5	4	3	4	3	5	4	3	3	2	2	3	3	5	4	4	4	5	3	4
"236"	4	5	3	4	3	2	3	3	3	3	4	4	4	2	3	1	4	2	3	3	5
"237"	4	3	4	5	5	4	5	4	3	3	2	3	3	3	3	3	3	3	4	5	5
"238"	4	3	2	2	3	4	3	1	6	4	4	3	3	3	3	3	5	5	5	4	4
"239"	3	3	5	4	3	5	4	4	4	4	4	4	5	3	6	3	6	4	4	4	4
"240"	5	5	3	5	4	3	5	5	5	6	5	6	5	5	5	5	7	6	7	5	3
"241"	3	5	3	4	3	4	3	4	4	5	3	3	3	2	3	2	3	2	6	4	5
"242"	5	4	5	4	4	3	4	3	4	2	2	3	6	3	5	4	4	3	1	3	4
"243"	7	4	4	5	2	4	3	3	4	5	5	6	4	6	5	5	6	5	5	5	3
"244"	4	4	6	6	4	4	4	2	4	4	4	3	3	4	4	5	4	5	3	4	5
"245"	5	4	6	7	4	4	4	5	5	4	4	4	7	6	6	6	6	6	4	6	5
"246"	3	4	4	4	5	5	5	4	3	4	4	5	5	4	4	4	5	4	3	2	5
"247"	5	4	4	6	5	5	5	7	4	4	5	4	7	5	6	4	4	3	4	4	4
"248"	4	3	5	4	4	3	4	3	4	2	3	1	5	5	4	4	5	3	3	3	6
"249"	4	5	4	4	4	5	4	4	2	5	4	3	2	3	2	2	4	5	5	3	4
"250"	1	2	1	1	4	4	2	4	4	3	4	4	2	4	5	3	6	6	4	5	4
"251"	5	5	4	5	3	5	4	3	5	4	5	4	5	5	5	5	4	4	4	4	5
"252"	4	4	3	5	5	3	5	3	3	3	2	5	3	3	4	4	5	5	6	3	4
"253"	3	4	4	3	5	4	7	4	3	4	4	4	5	3	3	2	4	2	4	4	4
"254"	5	2	3	2	2	1	2	1	2	2	4	5	4	2	3	2	2	5	4	2	3
"255"	5	5	4	4	3	6	3	1	4	5	5	3	4	3	4	4	3	4	3	3	6
"256"	3	4	2	3	2	4	5	3	3	3	3	3	6	4	3	4	6	4	4	3	5
"257"	4	4	3	4	4	5	3	3	4	3	3	3	5	3	3	4	4	4	4	5	1
"258"	2	4	6	2	5	5	5	5	4	4	3	3	4	5	2	4	4	4	5	6	6
"259"	4	4	5	5	2	1	3	4	5	5	3	4	4	5	4	4	5	4	5	5	2
"260"	4	3	3	6	2	1	3	2	4	4	2	4	3	3	4	3	4	4	4	4	3
"261"	5	5	3	4	4	4	3	3	5	6	6	5	5	5	6	4	5	4	4	4	6
"262"	5	6	4	6	5	5	4	5	3	5	5	2	4	5	4	4	3	4	2	5	4
"263"	6	5	3	5	5	5	4	5	4	4	5	5	4	4	4	4	5	1	5	4	4
"264"	2	4	3	4	5	2	4	5	3	5	4	3	6	3	4	3	4	3	3	5	4
"265"	3	5	3	3	3	3	5	4	3	3	4	4	5	3	4	2	2	2	5	4	6
"266"	4	4	6	4	4	4	3	4	3	3	3	3	5	4	5	5	4	4	5	3	5
"267"	3	2	3	3	3	3	4	5	4	3	2	2	5	3	3	3	3	3	2	3	4
"268"	5	4	6	4	3	3	3	2	4	4	2	4	3	2	3	3	3	5	2	3	4
"269"	3	2	2	5	2	3	6	3	2	3	3	4	3	4	4	4	3	3	4	2	3
"270"	2	3	3	5	2	5	3	5	3	5	5	5	4	3	4	2	5	5	4	6	2
"271"	5	2	3	3	5	6	5	4	2	3	2	2	4	5	4	5	4	4	3	3	3
"272"	5	5	3	5	4	3	4	5	5	4	6	4	4	4	3	5	4	4	6	5	4
"273"	4	4	3	4	4	2	3	3	5	4	4	4	5	4	5	4	4	4	5	4	5
"274"	4	6	6	4	3	3	3	4	3	4	2	2	2	3	4	3	4	3	4	3	5
"275"	4	5	3	4	5	4	4	3	5	4	4	5	1	5	3	4	5	5	6	3	3
"276"	5	6	6	5	4	5	3	3	4	5	6	5	5	4	4	3	4	4	7	6	3
"277"	7	3	5	5	5	6	6	6	3	5	5	4	5	5	4	4	3	5	4	5	4
"278"	3	6	3	3	2	3	2	3	4	3	5	4	4	3	4	2	6	3	3	2	4
"279"	3	5	4	5	5	4	6	7	4	4	4	5	5	5	5	5	4	5	4	4	4
"280"	5	3	4	4	3	3	4	5	4	2	3	3	5	4	4	5	4	3	3	5	6
"281"	5	4	3	4	4	3	2	3	4	5	4	6	3	3	1	2	4	3	3	3	5
"282"	4	6	5	4	4	3	5	6	3	4	4	3	5	4	4	5	5	4	6	5	3
"283"	4	5	6	6	5	5	4	3	3	4	4	5	4	3	5	4	6	6	4	3	4
"284"	7	6	5	3	4	6	4	4	4	3	4	5	5	5	5	6	5	6	6	5	2
"285"	5	3	3	3	2	2	3	4	4	4	3	4	4	4	4	3	4	3	4	5	3
"286"	6	6	5	5	6	6	4	4	5	5	3	5	4	4	5	3	4	3	4	2	4
"287"	2	4	5	1	4	4	2	4	5	4	3	3	4	3	4	4	4	5	5	4	4
"288"	3	3	3	4	3	2	4	4	4	4	3	5	3	4	4	4	6	5	2	4	4
"289"	7	5	4	3	3	4	4	4	5	3	3	4	3	5	3	5	5	4	3	3	4
"290"	5	6	6	4	4	5	6	6	7	5	4	5	5	5	5	5	5	4	4	4	4
"291"	5	5	3	4	5	5	5	3	5	4	3	4	5	5	4	4	3	6	4	4	4
"292"	3	5	5	4	5	4	5	3	2	2	1	1	1	2	3	3	2	5	4	4	3
"293"	3	5	4	4	4	2	5	3	4	4	5	3	4	5	4	5	3	3	3	3	5
"294"	3	3	2	2	2	2	4	3	2	3	1	4	4	4	5	4	4	4	5	4	3
"295"	7	5	5	5	5	5	6	6	3	3	4	4	4	4	6	6	6	3	5	3	3
"296"	4	5	7	6	7	5	5	5	4	4	4	5	6	6	6	7	5	6	6	6	2
"297"	5	3	5	3	2	4	6	3	2	1	3	4	3	2	3	3	4	1	4	1	6
"298"	4	5	3	3	6	4	6	5	4	3	3	5	4	2	2	2	3	2	3	3	4
"299"	1	3	4	5	6	6	4	5	5	5	5	7	7	5	6	6	6	7	6	6	1
"300"	4	4	6	5	5	1	5	4	4	5	4	3	1	2	2	2	3	2	5	3	5
"301"	2	3	4	5	5	5	4	5	6	5	6	5	7	4	5	6	5	4	5	7	4
"302"	3	5	3	4	4	5	5	3	5	5	4	7	6	4	5	5	5	3	6	4	3
"303"	5	5	5	6	3	4	5	3	5	5	4	6	5	5	4	3	6	5	4	5	4
"304"	4	4	2	2	3	2	4	4	4	5	6	3	2	3	3	3	3	3	4	5	4
"305"	5	3	5	4	5	5	5	6	5	6	6	5	5	4	5	4	6	5	6	5	4
"306"	4	3	2	4	3	3	4	4	4	3	3	4	4	6	6	6	5	4	3	5	3
"307"	3	3	4	4	4	4	3	4	4	4	2	4	5	6	4	6	5	3	5	5	2
"308"	4	5	4	4	2	4	3	2	3	4	3	5	4	4	3	2	4	2	6	4	5
"309"	5	6	4	5	3	2	3	2	2	4	3	3	4	4	3	4	4	4	6	5	2
"310"	6	6	5	4	4	6	4	3	6	5	5	7	4	4	5	4	6	3	5	4	3
"311"	4	4	6	2	5	4	4	4	2	4	4	3	5	5	5	5	5	4	4	6	3
"312"	3	5	4	3	3	5	4	5	3	4	5	4	4	5	4	4	5	6	4	4	4
"313"	2	5	4	3	2	2	3	2	4	4	3	4	3	3	4	3	4	4	4	4	3
"314"	4	5	4	5	5	5	3	5	3	3	4	4	5	3	3	3	5	2	2	4	5
"315"	4	5	3	5	5	5	4	4	5	5	4	6	6	4	6	3	5	4	4	5	3
"316"	5	5	6	5	3	3	4	5	3	5	4	5	5	6	5	4	5	4	4	4	2
"317"	6	5	3	4	3	5	4	4	4	5	4	6	5	5	6	5	5	4	6	6	3
"318"	5	5	1	3	4	3	5	4	4	3	5	4	3	5	5	4	4	4	4	5	3
"319"	5	5	5	2	3	5	4	2	3	1	2	1	2	3	4	3	4	3	3	1	3
"320"	4	5	5	4	5	1	4	3	5	5	3	6	4	3	4	4	6	4	3	5	3
"321"	4	4	2	4	4	3	3	4	3	4	3	4	5	3	4	3	4	4	3	3	4
"322"	5	4	3	6	2	2	4	4	3	3	2	5	2	4	2	4	4	4	4	5	5
"323"	4	4	4	4	3	3	4	4	2	4	2	3	5	2	4	3	5	6	3	4	3
"324"	5	5	4	5	5	3	4	3	5	4	5	4	3	4	3	5	4	3	3	3	6
"325"	4	4	3	4	4	5	4	4	4	6	4	3	1	4	1	3	5	4	2	1	5
"326"	5	5	3	3	3	2	4	3	3	4	3	5	5	4	3	5	6	5	5	5	4
"327"	4	6	4	5	3	3	4	4	6	5	4	3	5	5	5	4	6	6	5	5	4
"328"	3	4	4	4	2	4	3	4	5	5	4	5	5	4	3	4	3	3	3	5	3
"329"	4	6	7	6	3	5	5	2	4	4	4	4	4	5	3	5	4	4	5	6	2
"330"	3	5	5	5	5	6	4	4	6	4	4	7	4	4	4	4	6	4	4	3	7
"331"	7	5	5	4	2	3	3	3	4	4	3	4	3	3	3	3	3	2	4	5	4
"332"	4	3	3	4	5	5	5	3	4	5	4	4	4	4	4	5	4	3	6	5	3
"333"	4	1	3	3	3	2	3	2	3	2	4	5	6	5	4	5	4	4	5	5	3
"334"	3	4	4	5	4	4	5	5	5	3	4	3	6	3	6	4	4	5	3	2	4
"335"	5	4	4	5	6	3	4	4	5	5	5	5	3	5	4	4	5	3	5	4	4
"336"	4	5	5	5	6	3	5	4	4	6	6	5	5	4	3	4	5	3	5	4	4
"337"	2	3	5	4	5	5	4	3	3	4	4	5	2	2	2	2	3	1	2	1	6
"338"	2	3	3	4	3	5	3	3	3	2	4	2	2	2	3	3	2	3	3	2	4
"339"	4	3	3	3	6	3	3	2	4	3	3	3	5	5	2	4	5	5	3	5	3
"340"	2	4	2	4	4	3	4	3	5	4	3	5	5	4	5	5	4	2	3	3	4
"341"	4	5	3	5	4	3	4	3	5	3	4	5	4	3	2	5	4	4	3	6	5
"342"	5	3	2	2	3	4	4	4	5	5	4	4	5	3	5	3	6	4	5	4	4
"343"	6	4	1	4	4	3	4	3	3	4	3	2	3	4	4	4	4	5	2	4	5
"344"	3	6	5	4	4	3	4	5	3	2	4	4	2	3	4	2	5	4	3	4	6
"345"	4	4	5	5	5	3	3	3	5	4	5	4	5	2	4	2	4	2	4	5	5
"346"	4	2	2	4	5	2	2	2	3	3	4	4	4	4	5	3	4	3	5	4	5
"347"	4	4	3	6	6	3	5	6	5	6	5	5	7	5	5	5	5	5	4	4	4
"348"	4	3	3	2	4	5	5	3	2	4	4	4	4	3	4	3	4	3	3	3	4
"349"	4	4	4	4	5	5	5	3	4	5	4	2	4	5	6	3	5	4	4	4	5
"350"	4	3	4	2	4	3	4	6	3	3	4	5	2	4	4	3	3	3	4	4	4
"351"	4	3	5	3	3	3	4	3	2	1	4	4	5	2	4	4	4	3	3	4	4
"352"	4	4	3	5	3	4	3	3	3	4	2	3	3	3	3	3	3	6	4	4	4
"353"	5	5	4	3	4	5	6	3	3	3	4	4	4	3	5	4	6	4	3	4	6
"354"	5	5	3	5	4	5	5	5	4	5	3	4	3	4	4	4	4	5	6	6	2
"355"	5	6	5	4	5	3	3	4	4	5	6	6	6	5	6	5	5	6	3	5	4
"356"	4	5	5	6	5	2	5	3	4	4	5	5	2	2	3	3	4	4	5	5	4
"357"	4	5	3	3	4	6	5	4	5	5	5	5	4	4	5	5	5	3	3	5	4
"358"	4	2	1	4	5	2	3	5	3	3	2	5	5	2	3	3	4	5	3	3	4
"359"	6	2	6	5	4	4	4	4	4	5	2	5	5	4	5	4	5	3	3	4	5
"360"	4	3	3	3	4	4	5	4	2	5	4	4	4	3	4	3	5	5	5	5	2
"361"	4	4	4	4	3	3	4	3	3	3	3	3	4	3	4	4	5	4	4	4	5
"362"	4	5	3	4	3	3	3	3	3	3	4	2	2	4	3	3	4	4	4	4	4
"363"	5	5	5	5	5	4	2	3	4	5	3	4	6	4	3	3	5	3	5	5	4
"364"	3	4	4	4	4	4	3	5	4	5	4	5	6	5	5	5	6	3	6	6	4
"365"	3	3	5	4	3	2	3	3	4	5	5	4	3	3	3	2	3	4	4	5	4
"366"	4	3	4	4	3	4	4	3	5	5	4	5	2	3	5	4	4	4	5	6	4
"367"	3	2	3	4	4	4	4	4	4	5	5	6	7	5	4	5	6	2	4	5	3
"368"	3	4	4	4	4	2	5	3	3	3	4	3	6	4	5	5	6	3	5	4	5
"369"	4	3	4	3	3	5	2	3	1	3	3	4	4	4	5	2	5	3	3	2	6
"370"	3	5	4	4	3	3	4	3	4	5	4	5	3	3	4	2	4	2	4	3	5
"371"	2	3	3	4	4	3	3	4	5	4	3	3	3	3	2	5	1	2	4	4	6
"372"	6	5	2	4	3	3	2	3	2	2	1	4	4	3	3	2	4	3	4	2	5
"373"	2	5	4	2	3	4	3	4	3	5	5	3	5	3	4	3	4	4	4	5	4
"374"	7	6	4	5	5	4	5	7	5	5	5	4	5	5	7	5	5	2	6	6	3
"375"	2	2	2	2	1	4	5	4	3	3	2	2	3	2	4	3	4	4	3	4	4
"376"	4	4	3	5	1	3	2	4	3	4	5	4	5	5	5	4	5	4	3	3	4
"377"	4	4	4	5	5	5	5	6	4	5	4	4	4	4	5	4	6	5	5	6	5
"378"	6	2	6	4	5	3	4	5	3	2	4	3	5	3	4	3	3	5	6	5	5
"379"	6	6	7	4	5	6	6	7	6	4	7	5	6	5	5	6	6	5	3	4	4
"380"	5	4	4	3	5	3	3	5	3	4	3	2	4	4	5	4	6	2	1	2	7
"381"	3	3	2	3	3	3	4	5	3	3	2	2	4	3	5	2	4	4	5	5	5
"382"	7	6	6	4	5	2	5	3	4	5	6	4	6	3	5	3	5	5	5	7	3
"383"	3	4	5	5	3	4	4	3	4	3	4	4	2	4	3	5	2	3	7	3	5
"384"	4	5	4	5	4	3	4	4	5	4	6	4	6	3	5	1	3	3	4	4	5
"385"	5	6	5	5	4	5	5	3	5	5	5	4	6	4	5	3	5	2	3	3	6
"386"	2	4	3	4	3	2	4	3	6	4	5	5	4	4	6	5	5	3	4	4	5
"387"	5	6	3	5	5	4	4	4	2	4	4	5	5	5	6	6	6	6	6	7	2
"388"	3	4	4	3	5	4	5	4	3	2	4	4	5	4	5	4	3	3	4	4	6
"389"	5	2	5	1	4	4	4	4	5	4	5	5	3	2	4	2	5	3	5	4	4
"390"	7	7	7	5	5	5	5	6	5	4	4	5	4	5	5	4	4	2	4	3	4
"391"	4	5	4	5	4	5	3	4	2	3	3	3	5	4	6	4	6	3	3	4	5
"392"	4	5	6	4	6	4	4	4	4	4	4	3	4	3	6	4	6	6	4	6	2
"393"	2	4	3	2	2	3	2	2	3	4	4	2	3	4	4	4	4	2	4	5	3
"394"	5	4	7	4	3	4	4	6	4	5	4	4	4	2	4	3	5	4	2	4	5
"395"	4	4	4	5	4	4	3	3	3	3	4	4	5	5	4	4	4	3	5	6	5
"396"	3	3	2	3	6	3	5	6	3	4	3	2	4	4	4	3	4	5	5	3	4
"397"	3	4	3	2	5	4	4	3	3	4	3	2	6	5	5	6	5	5	4	5	5
"398"	6	4	3	4	6	4	5	3	3	5	2	4	4	2	3	1	4	3	4	2	6
"399"	4	6	3	6	2	4	4	3	2	3	2	4	4	5	6	4	6	5	4	6	2
"400"	5	4	4	2	3	2	4	2	4	4	2	3	4	3	4	2	5	1	4	5	5
"401"	1	2	3	3	4	3	4	2	2	3	1	3	2	2	2	3	4	4	4	3	6
"402"	4	5	2	5	4	6	4	4	1	3	4	3	4	3	6	2	7	5	4	5	4
"403"	4	3	1	2	5	4	3	4	5	5	4	4	3	4	4	3	7	5	3	4	5
"404"	5	5	6	4	5	5	6	5	3	3	4	5	5	5	5	6	6	5	6	5	4
"405"	4	4	3	5	5	4	4	4	3	4	2	4	4	4	5	4	5	4	4	3	5
"406"	4	4	4	6	5	4	3	2	1	4	3	4	5	3	4	3	4	3	3	3	5
"407"	5	6	5	4	5	5	3	5	4	4	4	4	4	4	5	5	4	5	6	5	5
"408"	4	4	4	4	3	4	4	4	3	4	4	7	3	5	4	6	5	6	5	5	3
"409"	5	4	5	5	6	4	5	4	4	5	5	4	6	4	6	4	5	3	5	4	2
"410"	5	4	5	5	6	3	4	6	1	4	5	2	5	6	5	5	7	5	4	5	3
"411"	4	6	4	5	5	6	5	6	4	5	4	4	6	6	6	6	6	6	7	5	3
"412"	4	5	4	5	4	5	4	3	4	3	4	6	6	3	5	3	5	4	4	6	5
"413"	2	4	4	3	4	1	3	3	2	3	3	3	4	2	4	2	3	3	4	4	4
"414"	5	6	5	3	3	3	4	3	6	7	5	6	2	4	5	4	6	2	4	1	5
"415"	5	5	5	6	4	4	4	4	5	3	4	5	6	5	6	4	5	6	6	5	3
"416"	2	5	5	6	3	4	4	4	4	4	4	4	5	4	4	5	5	3	3	4	4
"417"	5	4	5	3	4	4	7	5	4	3	3	4	4	3	5	3	4	5	3	4	4
"418"	6	5	3	5	4	4	3	5	4	5	3	5	4	4	4	4	4	3	3	5	6
"419"	3	5	5	4	4	6	3	6	3	5	4	6	3	3	3	4	3	5	5	6	3
"420"	4	5	5	4	4	3	3	3	3	3	2	3	3	4	6	3	5	4	5	4	3
"421"	4	3	5	5	3	4	5	5	5	4	4	5	6	5	6	4	6	4	5	5	2
"422"	4	4	4	3	4	4	3	4	5	6	5	6	5	4	4	5	5	5	4	4	2
"423"	4	4	4	6	5	5	3	4	4	4	3	4	5	4	3	3	5	3	4	3	5
"424"	4	2	5	5	3	5	3	5	2	1	3	2	3	4	5	2	5	5	5	4	3
"425"	4	3	5	2	3	4	4	5	4	3	4	5	5	4	3	5	4	2	5	4	5
"426"	6	4	4	5	4	3	3	3	6	4	4	4	4	6	3	4	3	3	2	5	5
"427"	5	3	3	2	4	5	4	6	3	3	4	2	4	4	5	4	5	3	4	4	2
"428"	5	6	4	4	5	5	7	6	4	3	6	5	4	5	5	4	5	5	4	5	3
"429"	4	4	4	4	4	2	3	3	4	2	4	2	1	5	3	4	5	3	3	2	5
"430"	3	3	4	3	3	4	4	4	5	5	4	4	5	4	4	6	5	5	6	4	4
"431"	3	4	4	4	7	5	7	4	4	3	4	4	6	5	4	5	5	4	6	5	4
"432"	5	4	4	4	4	4	3	5	4	4	4	4	3	3	5	3	3	2	3	2	7
"433"	5	3	3	3	5	5	4	4	4	3	5	7	6	5	6	5	6	6	5	6	4
"434"	4	4	1	4	2	5	4	4	5	4	5	5	4	3	5	5	6	4	5	6	5
"435"	4	3	2	3	4	5	4	3	3	3	3	5	5	4	5	5	3	4	4	4	4
"436"	5	5	5	5	3	4	3	2	4	4	5	4	5	3	4	3	4	5	4	3	4
"437"	4	2	3	4	5	3	4	3	5	5	4	4	5	5	5	5	4	5	4	5	2
"438"	2	4	2	3	5	2	3	3	3	3	4	2	3	4	5	4	5	3	3	4	2
"439"	3	3	2	3	5	3	4	3	4	4	2	5	5	4	5	4	5	4	4	5	3
"440"	1	6	5	2	6	5	7	5	4	3	2	3	5	3	5	2	5	2	5	4	3
"441"	4	3	4	4	3	4	4	2	3	3	1	3	3	1	2	2	2	2	3	3	6
"442"	4	3	5	4	5	2	5	7	3	4	3	3	3	3	3	2	4	5	2	2	5
"443"	5	5	5	5	5	2	5	3	3	3	3	4	3	3	4	3	5	3	3	2	7
"444"	7	6	5	3	4	2	2	3	4	2	4	3	2	2	3	1	3	4	3	2	6
"445"	5	6	6	5	3	3	4	2	4	2	2	3	7	5	6	4	5	2	4	3	3
"446"	2	4	5	3	3	3	6	5	5	5	5	3	4	4	3	5	5	3	4	5	3
"447"	4	3	4	4	6	4	6	5	3	4	3	3	5	4	4	4	5	5	7	5	3
"448"	6	6	6	6	2	3	4	4	3	3	3	3	7	5	3	4	6	4	4	2	6
"449"	5	4	3	4	3	4	4	3	3	4	3	4	5	3	4	4	5	4	5	6	3
"450"	4	3	2	3	4	5	3	3	5	4	4	5	3	3	3	2	5	3	4	4	5
"451"	3	5	3	5	4	4	5	4	4	5	4	3	4	5	5	4	4	4	4	4	4
"452"	4	6	4	4	5	4	6	3	4	4	3	5	2	3	2	3	1	4	3	3	5
"453"	5	5	4	5	3	3	4	4	5	5	4	7	2	4	4	4	6	4	2	5	4
"454"	6	5	5	4	4	3	4	6	5	6	3	4	4	5	6	4	5	4	6	4	5
"455"	4	4	3	1	4	3	5	3	5	4	4	4	4	4	5	4	4	4	5	3	4
"456"	2	2	3	2	5	6	4	5	4	4	3	4	5	4	5	4	5	5	5	4	5
"457"	3	2	1	4	4	4	6	3	4	4	4	6	6	6	5	5	4	5	4	6	2
"458"	3	4	4	6	3	3	3	3	3	5	4	3	4	5	4	4	4	2	4	5	4
"459"	4	3	3	4	6	4	4	2	3	3	4	4	4	3	5	4	5	4	3	3	6
"460"	5	4	5	6	5	4	6	5	5	5	5	5	6	6	6	6	6	6	4	5	2
"461"	6	5	4	5	4	3	6	5	5	4	4	5	5	4	6	5	4	4	6	5	2
"462"	7	4	6	4	5	4	5	5	3	3	3	2	1	3	3	2	4	4	6	4	4
"463"	3	5	4	3	5	5	5	4	4	4	4	3	6	5	5	4	6	3	4	5	2
"464"	5	4	3	3	5	6	4	4	4	6	5	5	4	4	5	6	7	5	6	4	2
"465"	5	4	5	4	2	2	5	3	4	1	3	3	5	4	4	4	5	4	4	4	5
"466"	4	5	4	4	6	5	5	4	6	4	3	5	4	4	4	3	5	5	5	3	5
"467"	5	4	6	5	3	5	4	4	5	4	3	4	3	4	4	4	5	3	3	3	4
"468"	3	2	2	4	1	3	3	3	5	4	3	3	4	2	2	4	4	4	3	2	5
"469"	3	3	2	2	3	3	4	2	5	4	2	4	3	2	3	3	3	4	4	4	4
"470"	4	4	5	5	5	2	6	5	5	5	4	6	4	3	5	3	5	4	3	4	5
"471"	4	5	5	3	4	4	5	4	5	5	3	5	6	5	6	4	6	5	4	6	5
"472"	4	4	3	5	5	4	4	3	4	3	4	5	5	5	4	6	4	5	3	5	5
"473"	5	6	5	4	6	4	6	4	5	4	2	5	3	2	3	4	3	2	3	4	5
"474"	5	5	3	6	3	5	4	3	2	4	4	4	4	4	5	3	4	5	6	6	4
"475"	4	4	4	4	7	5	5	7	5	4	4	7	5	6	5	4	3	3	6	5	2
"476"	5	5	4	6	4	5	6	3	3	3	4	4	5	5	3	4	5	3	4	3	4
"477"	5	3	5	6	5	3	4	4	4	3	3	4	4	4	3	4	5	5	5	4	4
"478"	4	6	6	4	3	2	4	3	4	3	3	4	5	4	5	6	5	4	6	5	6
"479"	5	4	2	3	3	2	4	4	5	5	4	5	4	4	4	5	5	3	5	5	4
"480"	4	6	5	6	3	7	5	4	5	4	3	5	4	5	4	2	4	4	6	6	2
"481"	5	3	5	4	5	5	4	3	4	5	5	5	6	4	7	4	6	5	4	6	2
"482"	3	3	3	5	4	2	3	3	4	2	5	5	4	3	4	4	4	4	4	5	3
"483"	4	4	6	4	4	4	4	5	4	3	5	3	4	5	6	6	6	4	3	4	2
"484"	4	3	4	3	3	3	4	3	4	4	4	4	5	4	6	5	4	5	4	4	4
"485"	7	5	5	5	4	3	4	6	5	6	3	5	6	3	5	4	5	4	4	5	4
"486"	3	4	3	4	5	4	6	5	6	6	6	5	4	4	3	5	4	2	3	4	4
"487"	2	3	5	4	5	5	5	3	6	6	4	6	6	5	7	5	6	6	6	5	4
"488"	4	3	4	5	5	5	7	5	1	3	2	3	2	3	4	5	4	3	4	5	4
"489"	4	5	2	3	4	3	5	4	4	4	3	3	4	3	4	4	6	4	5	3	5
"490"	3	4	5	6	4	2	6	6	3	4	4	5	2	5	4	4	4	3	3	4	4
"491"	6	5	5	6	4	6	4	5	5	5	4	5	7	6	6	6	7	6	6	6	4
"492"	4	4	3	5	4	3	5	2	4	4	4	5	4	5	6	4	5	2	5	4	6
"493"	4	4	3	5	3	2	2	1	2	4	3	2	5	3	3	4	4	4	5	4	4
"494"	4	6	3	5	4	4	6	5	4	4	4	4	4	4	3	4	6	3	4	4	4
"495"	5	4	4	5	5	4	5	5	5	5	5	4	5	5	4	6	6	4	3	3	5
"496"	3	4	4	3	4	4	5	4	4	6	3	4	4	4	5	2	5	3	4	4	5
"497"	5	6	2	6	4	5	5	4	3	4	4	3	5	4	3	2	6	5	5	5	2
"498"	5	4	5	3	6	5	4	3	5	5	6	5	5	4	4	4	4	4	4	4	4
"499"	4	6	5	6	4	5	5	3	4	3	4	5	6	4	5	3	6	2	3	2	5
"500"	4	3	4	4	3	5	4	5	3	2	4	3	4	3	3	4	4	1	4	2	5
"501"	4	5	5	4	4	5	4	3	6	5	5	5	5	4	4	6	4	6	4	4	6
"502"	5	3	6	5	4	5	5	4	5	5	4	6	6	4	4	5	4	4	4	5	6
"503"	4	4	5	5	3	2	4	3	3	2	4	4	4	4	2	4	3	3	3	3	5
"504"	3	3	3	4	3	6	4	5	4	2	2	3	5	5	6	4	5	2	3	5	4
"505"	1	3	4	4	2	2	3	3	4	3	3	3	2	3	1	1	4	1	3	4	5
"506"	5	5	3	7	4	3	5	5	4	4	5	4	6	5	4	5	5	3	4	5	4
"507"	5	4	4	5	3	2	3	2	3	3	3	4	5	4	5	4	5	1	4	4	6
"508"	3	4	5	5	4	5	3	4	5	4	6	4	4	4	4	4	4	2	3	3	6
"509"	3	5	2	3	2	1	5	4	3	3	4	4	5	4	5	5	5	5	7	5	4
"510"	5	4	4	4	2	5	4	2	5	5	3	4	6	3	4	3	5	5	2	5	4
"511"	4	4	4	4	4	3	3	3	4	4	5	6	4	5	4	4	5	4	4	5	4
"512"	2	1	3	2	2	4	4	2	1	2	3	3	6	4	4	3	5	3	5	5	5
"513"	3	4	6	3	5	5	5	4	4	3	4	4	3	4	6	5	3	3	4	4	4
"514"	5	5	3	2	4	3	4	3	4	3	4	4	4	1	2	1	3	3	5	4	4
"515"	6	6	4	5	3	4	3	4	2	4	4	6	4	4	6	4	3	4	5	6	4
"516"	2	3	2	4	4	6	5	4	5	4	3	4	4	3	4	2	4	4	4	3	4
"517"	5	5	3	6	6	6	5	5	3	3	4	4	3	5	5	3	4	6	4	4	5
"518"	3	2	3	3	5	4	6	5	3	3	4	5	4	5	4	5	6	3	4	3	3
"519"	3	2	1	2	4	5	5	5	3	3	3	5	4	2	3	1	3	1	4	3	5
"520"	5	5	4	2	3	5	4	3	4	5	3	4	4	3	4	4	4	4	6	4	3
"521"	4	5	5	5	4	3	4	4	5	4	4	5	4	4	5	5	4	3	4	5	3
"522"	3	5	5	4	4	4	5	3	3	4	4	4	3	2	4	2	4	6	5	4	6
"523"	3	3	5	4	2	4	3	2	4	5	4	5	5	3	5	4	6	4	5	3	4
"524"	6	4	5	5	5	3	3	6	6	4	4	5	5	4	5	3	4	4	5	6	3
"525"	3	5	4	5	4	4	3	3	3	4	2	4	4	5	5	7	4	3	3	4	4
"526"	4	6	7	5	5	5	4	4	5	4	3	5	4	5	4	5	5	6	5	5	2
"527"	3	5	4	5	4	4	4	4	3	4	5	4	3	4	5	5	3	6	4	5	2
"528"	4	3	4	2	3	3	3	2	4	4	3	4	4	3	4	4	5	4	4	4	4
"529"	4	3	3	5	3	4	4	5	4	4	2	4	6	4	5	4	5	4	4	4	3
"530"	4	4	5	4	4	5	4	5	2	5	4	3	6	4	4	5	4	2	3	1	4
"531"	5	4	2	3	6	4	5	5	2	3	1	4	5	2	5	3	5	4	3	3	3
"532"	4	4	4	5	6	5	3	3	3	3	3	3	4	3	4	1	3	4	6	5	4
"533"	7	4	7	4	4	3	3	5	6	5	5	6	3	4	3	4	5	5	4	4	4
"534"	2	6	4	4	4	4	4	2	5	4	5	4	4	3	3	4	4	4	5	5	4
"535"	4	3	4	5	5	6	4	4	4	4	4	4	5	5	2	5	2	4	6	6	3
"536"	5	6	6	7	5	3	3	4	5	4	4	3	5	5	6	5	5	4	7	4	3
"537"	5	2	3	3	4	4	3	4	3	3	3	4	4	5	5	5	5	3	5	5	5
"538"	5	5	5	5	3	3	4	5	4	4	5	6	5	6	5	6	5	4	5	6	4
"539"	6	5	3	5	4	5	6	5	4	5	4	5	6	4	4	5	6	5	6	4	4
"540"	5	5	2	3	5	3	3	4	3	5	5	6	4	5	3	3	5	2	3	2	5
"541"	5	6	6	4	3	3	5	4	5	5	3	6	2	3	3	2	5	3	4	5	2
"542"	5	4	4	4	5	5	3	2	2	4	3	6	4	4	4	3	5	3	4	4	7
"543"	5	3	5	4	5	7	6	5	4	4	4	4	5	5	5	4	5	4	4	4	3
"544"	4	3	5	3	3	2	4	4	4	3	5	5	6	4	6	4	4	7	7	6	3
"545"	4	4	4	6	3	3	4	2	5	5	4	7	5	5	4	5	6	5	6	4	4
"546"	6	5	4	4	3	5	4	4	4	5	3	3	3	3	5	3	5	6	6	5	5
"547"	3	4	3	2	4	3	5	4	6	6	5	5	6	4	4	4	4	7	7	7	1
"548"	4	4	3	5	4	3	3	3	5	5	4	3	3	4	3	3	5	4	4	4	3
"549"	4	3	3	4	4	4	3	3	4	2	2	2	4	2	4	3	4	4	4	3	5
"550"	2	3	3	3	4	4	4	4	3	5	4	4	2	3	4	2	3	3	4	5	6
"551"	5	3	4	4	4	4	3	3	5	5	4	2	4	4	3	3	5	5	6	5	7
"552"	3	5	4	3	4	4	3	3	3	5	4	4	6	5	6	5	7	2	4	4	3
"553"	2	2	3	5	5	7	6	4	5	5	6	6	6	4	5	3	5	5	6	5	2
"554"	5	4	5	3	3	1	5	3	5	4	5	4	4	3	3	4	3	4	5	5	2
"555"	6	3	6	5	5	3	4	2	4	3	3	4	4	4	5	3	7	3	5	3	4
"556"	5	6	7	6	6	3	5	2	4	4	3	5	5	4	4	4	4	6	5	7	5
"557"	4	5	4	5	2	4	4	4	5	5	5	4	5	6	4	6	7	5	4	6	3
"558"	4	5	4	6	3	2	5	5	5	5	5	5	5	5	5	4	5	4	6	5	4
"559"	4	7	6	6	7	4	4	3	4	4	2	5	4	3	4	4	3	4	3	4	2
"560"	6	6	6	6	2	4	3	3	4	5	4	2	4	4	3	4	5	5	6	5	2
"561"	3	4	3	4	5	2	5	3	3	5	4	5	4	4	4	3	4	5	5	5	3
"562"	7	6	5	6	5	2	5	2	4	4	5	5	5	5	3	5	4	6	6	6	2
"563"	5	5	5	6	3	3	5	4	2	4	4	3	6	4	5	5	5	3	6	6	3
"564"	6	4	3	5	5	6	5	5	4	5	5	5	3	3	4	3	4	2	4	4	3
"565"	5	5	3	4	2	4	5	4	2	2	4	2	6	4	5	5	7	4	3	5	5
"566"	5	3	3	4	7	4	5	7	4	3	4	6	5	4	5	4	4	3	4	5	3
"567"	3	2	3	3	4	1	1	3	6	5	6	6	4	4	4	3	2	2	4	3	6
"568"	3	4	3	5	4	3	5	4	4	4	4	5	4	2	4	3	4	4	4	5	3
"569"	6	4	4	6	5	4	5	5	5	4	5	4	5	4	5	4	4	5	6	6	3
"570"	3	4	4	4	5	6	4	5	3	4	4	5	4	4	3	5	3	4	5	5	5
"571"	5	5	4	6	4	4	2	3	3	3	4	2	2	3	4	4	4	4	4	4	5
"572"	3	5	3	4	4	5	4	5	4	4	4	3	4	4	5	5	6	3	3	4	4
"573"	4	5	6	6	3	3	4	4	2	5	4	4	5	3	3	5	6	4	5	5	4
"574"	3	4	5	5	4	5	4	5	5	5	4	5	5	4	5	4	7	5	7	6	3
"575"	5	5	4	4	5	3	6	4	5	6	5	5	2	5	4	5	4	4	5	6	3
"576"	5	5	5	2	3	3	7	5	3	1	3	4	3	3	3	4	4	3	4	3	6
"577"	3	4	3	5	3	4	4	3	5	4	6	5	5	4	3	4	4	6	4	4	4
"578"	5	3	4	4	4	6	5	2	6	3	5	5	3	4	3	4	3	4	4	3	6
"579"	4	4	6	3	2	2	3	3	2	3	2	2	2	1	2	2	2	2	2	3	6
"580"	3	5	5	5	3	2	5	2	4	4	3	4	3	3	4	4	4	4	5	4	3
"581"	6	6	4	6	5	5	6	4	4	4	4	6	6	5	6	6	6	5	4	4	3
"582"	7	4	5	4	4	5	6	5	4	3	2	2	4	3	3	3	3	3	6	4	4
"583"	4	6	5	4	5	4	3	5	4	4	4	4	3	5	2	3	4	6	5	5	6
"584"	3	6	4	4	6	5	5	5	6	4	4	5	5	7	5	7	6	4	6	3	3
"585"	5	6	6	6	5	2	4	4	5	5	3	4	5	4	4	5	5	4	4	6	4
"586"	6	6	4	5	5	4	4	6	3	3	2	4	5	4	4	4	4	6	5	5	2
"587"	4	4	4	5	5	3	4	4	4	2	4	3	4	3	3	3	3	4	4	4	6
"588"	5	3	3	5	3	4	5	5	4	4	4	6	6	6	6	6	6	7	6	6	3
"589"	5	5	5	5	4	5	5	3	5	4	5	6	4	3	3	2	4	3	3	3	4
"590"	4	4	4	6	2	2	4	4	4	4	5	4	3	4	4	3	6	3	5	6	4
"591"	2	3	2	4	3	4	3	4	3	4	2	2	4	5	4	4	2	4	5	4	5
"592"	4	4	2	1	3	3	5	4	6	4	5	5	4	4	4	3	5	5	5	4	3
"593"	5	5	3	5	3	3	3	4	2	3	1	4	4	4	2	1	3	4	5	4	4
"594"	4	6	3	4	5	4	5	5	4	3	4	5	2	3	2	2	2	3	3	4	4
"595"	2	3	3	4	5	4	4	4	4	4	4	5	3	4	3	3	4	6	6	6	3
"596"	4	6	4	5	5	2	5	3	2	3	3	5	3	4	4	4	5	3	2	2	6
"597"	4	6	6	4	4	3	4	5	5	5	5	4	7	3	6	5	6	4	4	5	4
"598"	4	4	4	3	4	3	4	5	2	4	2	4	3	2	4	3	4	3	3	3	4
"599"	6	3	5	5	5	6	5	3	3	4	3	3	5	5	5	6	6	4	4	4	6
"600"	5	6	5	4	3	3	4	3	5	3	4	4	5	5	5	5	5	6	6	7	2
"601"	3	5	3	3	5	5	5	6	3	3	3	4	4	4	4	3	4	3	3	2	4
"602"	2	3	4	5	4	4	6	2	4	3	3	5	4	4	4	5	2	3	2	3	5
"603"	5	6	6	7	7	5	5	3	4	3	5	5	5	7	4	6	6	3	3	3	4
"604"	5	6	6	4	2	3	4	2	3	5	2	3	4	4	5	5	5	3	5	4	4
"605"	4	3	3	2	2	2	1	3	3	3	4	4	4	4	3	2	4	4	4	6	4
"606"	3	3	1	4	4	5	4	4	4	4	2	4	4	4	3	5	6	4	3	2	5
"607"	6	4	6	6	5	5	5	5	6	6	6	5	5	5	6	5	7	3	4	3	5
"608"	4	6	4	7	5	6	5	4	3	3	4	2	7	5	7	6	5	5	6	5	4
"609"	4	4	6	5	4	5	4	5	4	4	6	6	4	3	2	4	6	4	5	4	3
"610"	4	3	4	5	4	3	4	4	5	5	4	5	4	4	5	5	6	5	5	3	4
"611"	5	4	3	6	4	2	4	5	4	3	5	5	3	4	4	4	3	4	4	4	6
"612"	6	5	4	5	3	3	4	5	2	3	3	3	4	4	4	4	4	5	3	3	3
"613"	6	4	4	4	2	5	4	4	4	4	5	3	3	4	3	4	4	4	5	4	5
"614"	5	6	3	5	3	2	5	4	6	5	5	5	2	3	4	5	6	3	4	4	3
"615"	3	3	4	5	4	4	6	4	3	3	1	3	4	4	5	4	4	4	4	3	4
"616"	4	3	4	2	3	3	4	2	4	5	5	5	5	4	3	4	4	4	4	4	4
"617"	6	5	6	4	6	5	5	3	4	5	4	5	3	3	2	2	2	3	3	2	4
"618"	6	4	4	6	5	3	4	3	4	6	5	4	2	3	4	2	4	4	4	4	4
"619"	5	4	4	4	6	5	5	5	4	5	5	4	6	4	6	4	5	5	4	6	4
"620"	5	4	5	6	4	4	4	4	3	4	5	6	5	6	5	5	5	6	5	5	4
"621"	4	5	4	4	4	4	4	5	6	5	5	4	5	3	4	3	4	4	5	5	3
"622"	4	3	3	5	6	5	5	4	4	3	5	3	5	4	5	4	5	4	4	4	4
"623"	5	6	4	3	3	2	4	2	5	4	5	3	4	4	5	3	5	4	5	4	4
"624"	3	5	3	3	2	4	2	2	6	3	4	4	5	4	5	6	5	5	5	3	3
"625"	6	4	7	2	2	3	2	3	2	4	5	5	5	5	3	5	4	6	6	5	2
"626"	5	4	4	5	5	4	6	5	3	4	4	5	6	5	7	4	5	3	5	5	3
"627"	4	4	3	4	4	2	1	4	4	4	4	3	4	4	4	5	6	6	4	4	4
"628"	4	4	2	5	3	4	4	5	3	4	5	3	4	2	3	2	5	4	6	7	3
"629"	5	4	5	4	4	2	3	3	5	6	4	4	3	4	7	4	5	2	3	5	5
"630"	2	3	5	6	4	3	3	4	3	3	4	2	3	4	4	4	4	6	5	6	6
"631"	5	3	5	4	6	5	5	5	4	4	3	3	5	2	5	5	5	4	3	4	3
"632"	7	4	4	6	5	4	5	3	3	3	6	4	5	5	6	5	5	5	6	6	3
"633"	3	4	4	5	3	4	3	3	4	5	6	4	4	3	3	3	5	4	5	4	2
"634"	5	5	5	4	6	4	5	3	5	3	2	4	3	5	6	5	5	3	4	5	3
"635"	5	4	4	4	3	3	3	3	4	4	3	3	4	4	3	4	4	5	3	4	3
"636"	6	5	6	5	3	4	4	3	2	3	3	3	3	4	4	4	4	5	4	5	3
"637"	5	5	4	5	4	5	3	4	5	6	4	7	4	4	4	5	6	4	7	5	3
"638"	5	6	4	5	5	5	4	4	3	3	5	4	5	3	3	3	5	1	5	5	5
"639"	4	3	3	2	4	5	5	4	3	4	4	3	5	2	3	3	4	4	3	3	5
"640"	4	4	5	4	6	4	3	4	3	4	5	3	7	4	5	4	4	5	5	7	2
"641"	4	4	3	4	6	4	4	5	4	4	4	5	7	4	5	4	4	3	5	7	2
"642"	6	5	4	4	3	5	5	5	6	6	6	6	4	4	5	6	4	5	5	5	4
"643"	2	3	2	5	4	2	3	2	4	4	4	6	4	4	5	4	5	5	5	6	4
"644"	3	3	4	5	4	4	6	4	3	3	4	5	4	4	4	3	4	1	4	3	6
"645"	3	5	4	4	4	5	5	5	5	6	7	4	6	4	6	5	6	3	7	6	3
"646"	4	4	3	3	2	1	4	3	3	3	2	4	3	4	4	2	3	3	4	5	5
"647"	4	6	6	5	4	5	5	4	3	5	3	5	6	5	6	4	5	3	4	1	5
"648"	5	4	4	6	5	5	4	4	2	4	3	5	6	4	5	5	5	2	4	2	7
"649"	2	3	3	3	5	3	5	4	3	4	3	4	6	4	4	5	5	3	3	3	4
"650"	3	4	2	3	3	1	4	2	3	4	3	4	3	3	4	3	5	2	3	4	6
"651"	4	5	5	6	3	1	3	4	3	2	3	5	2	4	4	4	4	4	6	3	5
"652"	7	5	5	5	5	5	5	5	4	4	5	6	4	5	7	5	7	6	5	6	2
"653"	5	4	5	4	2	5	5	3	4	4	4	4	4	5	4	5	5	4	2	5	4
"654"	4	4	3	2	5	5	5	7	3	4	3	4	5	4	4	3	4	4	5	4	4
"655"	4	3	5	4	5	5	5	5	4	4	5	5	5	4	5	3	4	2	5	3	3
"656"	2	4	5	5	4	4	5	3	5	4	4	4	5	3	3	4	5	3	5	5	2
"657"	5	2	3	4	4	3	3	4	2	3	3	3	5	4	6	3	3	2	3	3	6
"658"	4	5	4	5	3	4	4	4	3	4	4	4	5	4	4	5	5	3	4	3	5
"659"	3	4	3	3	5	3	5	3	7	5	5	5	3	3	5	5	5	3	6	4	5
"660"	6	6	4	5	4	6	6	5	4	5	3	6	5	6	6	7	6	4	7	7	3
"661"	4	5	5	5	2	3	3	5	2	3	3	3	5	3	4	5	5	3	6	6	5
"662"	6	5	7	4	3	6	5	5	5	4	5	5	5	4	5	5	4	3	4	5	5
"663"	5	4	4	4	5	3	4	5	6	6	6	6	5	3	5	5	4	4	4	3	3
"664"	3	4	6	5	4	2	4	4	4	4	5	5	2	3	3	2	6	3	3	3	5
"665"	3	4	4	5	3	2	2	2	4	3	4	6	6	3	4	3	4	3	2	4	4
"666"	5	4	5	2	4	5	4	5	5	3	4	3	4	6	2	6	4	4	4	5	3
"667"	3	3	4	3	4	2	4	5	3	3	5	4	4	4	2	3	4	4	5	4	6
"668"	4	5	4	2	3	3	4	3	3	3	4	2	5	5	4	5	6	3	5	5	4
"669"	3	3	5	4	5	4	4	4	4	3	4	4	5	4	5	5	4	5	4	3	4
"670"	4	3	3	5	3	3	5	4	5	5	4	6	3	5	5	5	4	3	3	3	4
"671"	5	5	3	6	4	3	4	4	3	2	2	4	6	5	4	4	5	4	5	3	4
"672"	3	5	4	4	3	2	3	3	4	3	4	5	4	5	4	4	4	4	4	4	4
"673"	3	6	6	5	4	1	5	5	4	4	3	4	2	3	4	4	4	5	6	5	3
"674"	1	3	3	4	3	2	3	4	5	4	3	4	3	3	5	4	4	2	3	3	4
"675"	5	7	5	7	6	2	4	3	6	4	4	4	5	4	5	3	5	6	7	5	4
"676"	2	4	2	3	3	3	3	3	2	3	3	5	2	3	3	3	3	2	4	4	6
"677"	5	5	6	4	5	4	4	4	4	5	3	4	4	5	4	3	6	6	6	5	4
"678"	4	3	3	3	2	3	1	3	3	4	5	5	3	3	4	4	5	5	5	3	1
"679"	5	3	3	5	3	3	4	4	4	4	4	4	3	2	2	2	4	3	4	4	4
"680"	5	4	4	6	5	4	5	4	4	4	4	4	4	4	4	4	4	3	5	3	5
"681"	5	4	4	5	2	3	3	4	4	4	4	6	4	4	4	5	4	3	3	2	4
"682"	5	4	5	6	6	5	3	5	3	3	3	4	6	5	5	4	6	3	4	4	4
"683"	2	4	4	4	3	4	3	4	5	3	2	4	5	6	6	5	5	3	4	4	5
"684"	4	4	4	4	3	5	4	6	5	5	4	5	3	4	3	3	4	5	2	2	5
"685"	5	5	5	4	4	4	5	4	4	4	5	4	4	4	5	4	5	4	5	5	4
"686"	4	5	5	4	5	4	5	4	6	4	4	4	5	4	7	4	6	4	4	7	3
"687"	5	5	5	6	4	5	5	4	4	5	3	5	3	4	4	4	4	3	3	3	5
"688"	4	6	4	7	4	4	4	2	3	2	3	1	3	3	2	2	4	2	2	1	7
"689"	2	6	3	5	4	5	6	5	4	5	4	4	4	4	3	5	4	4	6	7	4
"690"	5	2	3	3	5	4	4	4	3	4	4	4	4	1	4	1	4	2	5	4	6
"691"	4	3	5	4	2	1	4	2	4	3	4	4	2	5	3	4	4	5	3	5	3
"692"	4	5	3	5	3	3	3	4	5	3	3	3	3	4	4	4	3	4	5	3	4
"693"	3	3	3	2	5	3	5	3	5	4	5	6	5	5	4	3	6	3	4	4	5
"694"	2	4	4	4	4	4	4	5	2	5	3	3	4	4	3	3	5	4	3	4	5
"695"	6	5	5	7	6	4	6	6	4	5	6	5	5	5	5	6	6	5	6	5	2
"696"	2	4	4	5	5	6	5	5	4	2	4	5	5	2	4	2	5	4	2	6	5
"697"	5	5	3	4	4	4	5	5	4	3	4	5	3	4	3	5	4	2	3	4	4
"698"	2	3	4	5	4	4	4	5	4	3	4	2	3	3	2	3	3	3	5	5	5
"699"	4	4	4	4	2	3	5	3	3	5	5	6	3	5	3	6	7	2	3	3	4
"700"	4	4	4	5	3	3	3	5	3	4	5	5	2	4	4	4	4	3	5	2	6
"701"	4	4	4	5	3	4	5	3	4	3	4	4	3	2	2	4	4	4	5	4	4
"702"	4	4	4	4	4	2	5	4	4	3	2	5	4	4	6	2	4	3	4	4	6
"703"	3	4	5	5	3	2	4	1	3	2	3	4	4	4	5	5	5	3	4	3	5
"704"	6	4	4	6	2	3	5	3	5	4	5	6	3	3	3	2	4	4	4	6	2
"705"	6	5	5	4	5	4	6	4	4	3	3	4	5	3	6	4	4	3	4	5	4
"706"	2	4	6	3	5	4	4	5	4	3	5	2	4	2	4	1	4	3	5	3	5
"707"	2	3	3	3	4	4	4	5	3	5	4	3	3	2	3	3	4	3	5	5	7
"708"	3	5	5	4	4	3	4	4	3	4	2	4	4	3	2	5	4	5	4	4	5
"709"	4	4	3	3	3	4	6	4	2	3	2	3	4	2	3	3	5	4	4	3	4
"710"	3	4	4	3	5	3	4	4	4	2	2	2	2	2	3	2	3	3	4	4	4
"711"	3	4	3	3	4	6	4	5	3	4	4	6	4	3	4	4	6	4	4	4	4
"712"	4	4	3	4	3	5	5	5	4	4	3	5	5	3	6	2	4	4	2	4	4
"713"	4	5	3	2	4	5	3	3	5	4	6	6	6	3	4	4	4	6	7	5	2
"714"	3	3	4	4	3	2	2	2	4	5	3	5	2	4	2	3	5	3	6	4	5
"715"	3	4	5	4	6	3	4	6	4	3	3	3	5	3	5	4	3	6	5	4	5
"716"	4	3	4	5	5	4	5	7	3	5	6	4	7	6	6	6	5	5	5	4	3
"717"	6	3	4	2	4	4	6	6	4	4	3	4	6	3	5	3	5	4	6	6	3
"718"	2	3	2	4	3	5	4	5	4	4	3	4	6	4	4	4	3	2	3	4	6
"719"	4	4	6	4	5	4	5	5	3	3	2	2	3	4	4	3	3	4	4	6	6
"720"	6	3	6	5	5	4	3	4	5	3	4	4	3	2	4	1	5	2	4	4	5
"721"	3	2	4	2	4	3	4	4	6	6	3	5	4	4	4	3	5	4	5	6	5
"722"	2	5	4	3	3	3	4	4	2	4	3	4	3	1	2	1	4	4	4	3	4
"723"	5	4	3	2	4	3	4	5	2	3	3	6	4	5	5	5	4	5	2	5	4
"724"	4	4	4	3	5	5	3	3	3	4	2	4	3	3	3	4	4	5	3	5	6
"725"	5	4	5	4	4	5	6	4	2	5	3	5	5	6	5	6	6	4	4	5	2
"726"	4	3	6	5	7	6	6	5	3	5	3	6	3	4	5	4	5	5	6	7	2
"727"	4	4	3	3	3	4	4	4	5	5	4	6	3	2	4	3	5	4	3	3	5
"728"	5	5	5	4	5	5	6	5	3	3	3	4	4	4	5	5	4	4	5	6	4
"729"	5	6	5	6	5	3	5	2	4	4	4	4	4	4	5	5	5	6	6	5	4
"730"	4	4	3	3	5	4	4	5	4	3	2	3	5	5	5	7	6	4	5	4	4
"731"	2	2	4	2	5	4	3	3	4	3	3	3	2	3	4	1	4	4	2	2	5
"732"	5	5	4	4	4	4	4	6	3	4	4	2	4	3	4	2	4	3	5	4	4
"733"	4	4	2	4	5	5	5	2	2	4	4	4	3	4	4	4	4	4	5	4	3
"734"	5	4	6	6	2	4	3	3	3	3	4	4	4	6	4	5	4	6	5	5	3
"735"	4	5	4	5	4	6	4	5	4	3	4	5	4	4	4	4	4	5	6	5	5
"736"	3	4	2	3	5	5	4	4	4	6	5	5	3	3	3	3	3	4	4	3	3
"737"	4	3	4	5	5	5	4	6	2	4	1	4	5	4	4	3	4	4	3	5	5
"738"	4	4	4	6	4	4	5	5	7	6	4	5	6	5	4	5	6	7	6	6	2
"739"	5	4	3	7	5	6	4	2	5	5	2	6	3	4	5	4	4	7	5	7	2
"740"	3	5	4	3	5	4	3	5	5	5	4	3	6	5	5	5	6	5	6	6	2
"741"	5	4	3	5	4	5	4	3	5	4	4	4	5	3	5	3	6	3	5	5	1
"742"	4	4	2	4	4	5	4	3	4	3	5	4	3	4	2	3	4	4	7	5	4
"743"	4	2	4	3	4	4	4	3	4	5	4	6	5	5	5	5	6	5	6	2	4
"744"	4	6	5	4	5	5	5	5	3	4	4	4	4	2	4	4	4	4	5	4	5
"745"	4	6	4	4	3	5	3	4	6	3	4	4	1	2	3	3	4	4	3	2	4
"746"	4	4	4	5	6	4	5	4	4	3	2	4	5	5	6	5	6	6	3	4	3
"747"	2	4	4	2	3	3	3	3	3	5	4	6	2	3	6	3	3	5	3	6	4
"748"	3	5	4	5	4	3	4	4	5	3	5	3	4	6	4	5	4	6	4	3	5
"749"	6	5	3	6	5	5	4	3	5	5	5	5	4	3	5	3	4	4	5	5	3
"750"	5	3	4	4	6	7	5	5	3	3	3	3	2	2	4	2	4	5	4	5	3
"751"	2	3	4	4	5	6	4	5	5	4	5	5	4	6	5	4	5	5	4	7	3
"752"	2	5	3	4	4	5	5	6	4	4	4	4	5	3	4	3	3	4	5	5	2
"753"	5	7	5	4	4	5	5	2	3	3	4	5	4	4	6	4	5	4	5	3	5
"754"	5	4	4	4	2	2	4	1	4	3	3	4	4	3	6	4	6	3	4	3	5
"755"	4	3	4	4	4	4	4	4	3	3	4	3	5	5	4	6	5	4	4	4	4
"756"	3	4	3	3	3	3	4	6	3	3	3	3	3	3	4	2	5	3	4	3	4
"757"	5	5	4	3	4	4	4	4	3	5	2	4	5	4	5	4	4	3	5	4	4
"758"	2	4	4	5	2	3	3	3	3	3	3	4	5	4	3	4	4	3	4	4	5
"759"	4	6	5	4	6	5	6	4	5	3	4	5	4	4	6	5	4	3	4	4	5
"760"	1	3	4	3	4	4	4	2	3	4	5	4	4	4	5	3	5	4	5	4	5
"761"	4	6	7	5	6	5	3	4	3	3	3	3	5	2	4	3	4	4	4	4	6
"762"	4	4	4	5	2	4	3	3	3	2	3	3	3	2	2	4	4	4	1	1	4
"763"	2	1	4	3	5	3	5	4	5	4	5	4	4	4	6	5	5	3	1	2	5
"764"	2	3	3	4	5	2	4	3	3	4	4	4	3	3	3	3	3	5	4	4	3
"765"	4	4	5	5	3	5	4	6	5	5	3	5	5	5	4	5	4	4	3	3	4
"766"	6	7	6	6	5	5	4	4	4	6	5	6	4	5	3	4	6	5	5	6	4
"767"	5	3	2	3	4	3	6	3	2	4	4	5	4	3	5	4	4	5	4	4	5
"768"	3	4	3	4	3	4	2	3	4	2	4	4	3	4	3	3	4	3	4	4	6
"769"	2	3	3	4	4	1	3	4	5	5	6	7	3	4	3	4	4	5	6	6	4
"770"	4	6	3	5	3	3	4	6	3	4	3	2	3	3	2	3	3	2	2	1	7
"771"	4	4	2	4	2	3	4	2	4	3	4	4	5	3	4	4	4	5	4	5	4
"772"	4	4	5	4	3	5	3	3	3	2	5	4	4	3	4	3	4	4	5	3	3
"773"	3	4	4	5	3	3	5	3	3	3	4	2	4	2	4	3	2	2	3	3	6
"774"	2	3	2	2	3	4	3	3	3	3	4	5	3	4	3	4	4	5	4	3	5
"775"	4	6	6	5	3	4	5	4	4	4	4	6	5	3	4	3	5	3	5	3	4
"776"	2	4	2	3	3	1	3	2	3	4	3	3	5	5	4	4	5	4	2	3	5
"777"	5	4	3	5	6	4	5	5	4	3	4	4	4	4	3	3	5	4	5	4	4
"778"	3	4	4	3	3	3	4	3	3	4	3	3	6	3	5	3	4	5	4	4	3
"779"	5	4	3	4	4	3	4	3	3	4	2	4	6	4	3	4	6	4	5	2	5
"780"	6	5	6	6	4	2	3	3	4	3	3	3	3	3	3	3	4	3	5	4	4
"781"	4	5	4	5	5	5	4	2	6	5	5	6	4	5	4	4	5	5	7	7	3
"782"	3	2	2	3	4	1	4	4	3	5	2	5	5	4	4	3	3	4	3	3	6
"783"	4	5	4	4	4	5	5	5	6	5	4	4	5	4	6	6	6	4	4	4	4
"784"	3	3	2	2	3	5	4	4	4	3	4	3	3	2	3	3	4	3	5	5	6
"785"	4	4	5	4	3	4	6	4	3	4	3	3	4	3	4	4	4	3	3	3	4
"786"	3	3	5	4	4	3	4	5	2	3	4	3	6	4	6	5	6	3	4	4	5
"787"	4	5	5	5	2	3	4	4	4	4	3	4	4	4	5	4	4	4	5	7	3
"788"	3	4	5	6	4	4	3	4	4	4	1	4	4	2	5	4	3	4	2	4	6
"789"	5	4	6	6	2	3	4	4	3	4	3	3	4	4	2	3	5	3	5	5	2
"790"	5	5	7	6	4	4	4	4	6	5	4	4	4	3	5	4	4	3	3	5	4
"791"	2	3	6	4	3	2	5	3	5	5	5	4	4	3	2	5	3	4	6	4	5
"792"	4	4	3	3	4	4	5	2	3	4	4	3	3	4	3	3	3	3	4	5	4
"793"	3	5	4	5	4	3	4	2	2	3	4	3	3	4	4	3	4	2	3	5	6
"794"	6	4	4	5	4	2	4	4	4	4	3	4	2	3	3	3	5	2	4	4	4
"795"	4	5	4	1	4	4	5	4	4	4	4	4	4	2	4	3	3	5	5	4	4
"796"	5	4	6	5	6	4	4	5	4	5	4	3	3	3	4	3	4	2	4	3	5
"797"	3	5	4	4	4	3	5	5	4	3	3	5	4	4	4	3	2	3	5	3	5
"798"	5	6	4	4	4	5	4	4	4	4	4	3	6	5	6	4	4	3	3	3	5
"799"	3	4	3	3	2	3	2	3	4	3	4	4	6	4	6	4	5	4	4	4	4
"800"	4	3	5	5	7	5	5	5	3	4	3	2	4	4	4	3	5	5	4	4	6
"801"	6	5	4	4	5	4	4	5	4	4	6	4	5	4	6	5	5	5	3	4	5
"802"	6	6	4	5	4	4	3	3	2	3	4	4	3	5	4	5	4	5	5	4	5
"803"	6	2	5	5	3	1	4	6	6	3	2	5	4	3	1	3	4	2	4	3	6
"804"	4	5	5	4	5	5	4	5	4	3	4	5	4	4	4	3	3	4	6	5	4
"805"	6	6	6	6	4	4	5	7	6	4	4	7	6	6	7	6	5	3	5	4	3
"806"	4	5	3	5	3	4	5	5	2	4	4	5	3	4	4	4	4	5	4	3	7
"807"	4	4	3	4	3	6	3	5	3	5	5	2	5	3	6	3	5	5	6	4	4
"808"	4	5	3	4	5	3	4	1	3	4	2	4	3	4	6	2	5	3	3	3	3
"809"	4	6	4	3	3	1	2	4	4	5	4	3	4	3	4	4	4	5	4	4	4
"810"	5	2	5	3	3	4	4	3	4	4	5	3	4	3	4	3	4	5	5	4	2
"811"	7	4	4	4	5	4	5	5	4	4	3	3	5	4	4	3	4	1	4	3	5
"812"	3	3	3	3	3	3	7	3	6	5	3	3	3	2	3	1	4	2	2	4	5
"813"	5	4	3	5	2	3	3	5	4	5	4	3	5	4	5	5	5	4	2	5	5
"814"	2	3	2	1	3	2	5	4	3	3	2	5	3	2	4	3	4	1	3	4	7
"815"	6	6	6	5	4	4	5	5	3	4	3	4	1	2	2	2	5	3	3	6	4
"816"	3	4	3	2	4	4	4	4	6	2	5	5	3	3	3	2	4	2	4	4	5
"817"	3	3	3	4	3	3	3	2	3	4	4	5	4	3	4	4	4	5	3	3	4
"818"	4	5	4	3	2	3	3	3	4	5	2	5	4	4	2	4	3	3	3	4	5
"819"	5	4	6	3	3	4	5	4	6	4	3	4	4	3	1	2	3	2	1	3	6
"820"	6	5	4	4	4	4	4	3	3	5	3	3	3	5	6	4	5	4	6	5	3
"821"	3	2	3	2	4	4	3	2	3	5	4	5	2	3	2	3	3	3	5	4	5
"822"	5	4	6	6	4	5	3	6	3	4	3	2	6	6	7	7	6	4	5	6	3
"823"	3	5	1	3	4	4	4	4	2	3	4	3	6	6	5	6	4	3	5	6	3
"824"	5	7	3	5	4	3	3	4	3	4	5	4	6	5	5	5	5	6	5	6	4
"825"	4	4	4	3	3	4	4	5	4	5	3	2	5	1	5	2	3	4	2	2	5
"826"	4	5	6	5	5	4	5	5	5	4	4	6	4	4	5	5	5	4	4	5	2
"827"	4	7	4	4	4	5	4	5	5	5	4	6	4	1	3	3	4	4	2	3	7
"828"	3	4	5	4	4	3	4	6	4	4	4	1	3	4	3	3	3	3	3	5	5
"829"	3	4	2	4	4	3	4	5	4	4	5	4	5	4	3	4	4	4	4	6	4
"830"	4	4	3	4	4	3	5	3	3	5	3	5	3	4	4	5	4	5	5	3	5
"831"	2	4	4	4	5	4	4	5	5	6	5	4	4	3	4	3	4	1	3	2	5
"832"	4	3	5	3	4	3	3	3	3	4	5	1	1	3	2	2	2	2	4	4	6
"833"	4	4	5	5	4	3	4	3	2	4	3	3	4	3	4	4	5	4	5	5	5
"834"	2	5	3	4	4	3	4	4	3	2	1	3	5	2	4	2	4	2	4	6	4
"835"	4	5	2	4	5	3	4	4	5	3	2	4	6	5	5	5	5	7	3	5	1
"836"	3	4	5	3	3	2	2	5	5	3	3	3	3	3	3	4	4	3	5	5	3
"837"	5	5	5	6	4	4	3	2	4	7	5	6	2	4	5	3	6	3	5	5	4
"838"	4	4	4	5	3	4	5	4	3	4	3	3	7	4	5	5	5	6	2	5	6
"839"	4	5	4	5	5	3	5	4	3	3	3	3	3	4	4	4	5	4	4	3	6
"840"	3	5	4	3	4	3	2	3	2	3	2	4	3	3	3	3	3	3	3	2	6
"841"	5	3	6	5	3	3	5	3	4	4	4	4	5	4	5	4	4	4	5	4	4
"842"	6	5	5	4	3	5	4	3	4	6	4	4	6	6	4	4	5	3	4	3	4
"843"	4	4	4	4	4	5	3	6	3	5	4	5	6	5	6	5	6	4	4	5	5
"844"	4	4	3	4	5	5	3	4	3	4	4	5	4	2	4	4	4	4	6	5	3
"845"	5	4	4	7	4	5	4	4	3	4	6	5	6	4	5	5	5	5	6	5	2
"846"	5	4	5	5	5	6	5	4	2	3	3	4	5	5	5	3	4	4	5	4	5
"847"	5	4	5	5	3	4	3	3	7	4	4	5	7	5	5	5	6	5	5	5	4
"848"	5	6	4	6	3	2	4	4	5	5	3	4	5	6	5	5	6	6	4	6	3
"849"	3	4	3	2	4	2	2	2	3	4	3	5	3	3	3	3	4	3	4	5	5
"850"	2	5	3	4	5	1	5	4	3	4	4	2	4	3	4	2	3	3	4	5	5
"851"	4	2	3	3	3	2	4	3	4	4	3	3	5	1	5	3	3	5	6	4	4
"852"	1	4	2	5	5	4	3	4	4	5	5	4	3	5	6	5	6	4	4	3	4
"853"	6	5	6	6	7	3	5	4	5	5	4	7	4	4	6	4	4	5	5	6	5
"854"	3	5	5	5	5	5	5	4	4	6	3	5	4	5	6	5	6	5	4	3	3
"855"	3	3	5	5	3	4	4	5	4	4	3	3	6	2	5	4	4	2	3	3	6
"856"	3	4	4	4	4	4	2	3	3	4	3	3	3	4	4	4	4	2	4	4	5
"857"	5	3	3	6	4	3	3	4	3	4	4	4	3	4	7	4	5	2	5	5	4
"858"	3	4	4	4	4	3	3	5	4	5	3	6	4	5	4	4	5	4	3	5	4
"859"	4	3	5	5	4	5	5	2	5	5	5	5	6	4	4	5	5	6	6	5	4
"860"	6	5	3	5	4	4	5	3	5	5	4	5	4	5	5	3	5	3	3	5	5
"861"	3	5	4	4	2	4	6	5	4	4	4	6	3	3	3	2	2	5	4	4	4
"862"	5	6	3	4	5	6	6	6	4	5	5	5	6	5	6	6	7	5	5	5	3
"863"	4	4	3	5	5	7	6	5	5	5	4	4	3	4	3	3	3	4	4	5	6
"864"	4	4	3	2	2	2	3	3	3	4	5	5	6	3	4	4	4	3	3	4	4
"865"	3	3	4	3	5	4	6	6	4	4	4	4	5	4	4	3	5	2	5	3	5
"866"	4	3	5	6	3	3	2	1	2	2	3	2	3	5	4	4	5	3	3	3	6
"867"	2	4	3	2	2	2	3	2	5	5	5	3	5	6	5	6	3	6	4	5	5
"868"	6	4	5	4	3	3	5	3	5	4	5	5	5	4	4	5	5	5	7	4	5
"869"	5	5	4	5	2	4	4	3	3	4	5	5	5	3	3	3	5	3	5	5	4
"870"	2	3	2	3	3	3	4	3	3	2	3	2	3	4	4	4	5	4	5	4	3
"871"	3	5	5	4	2	5	5	5	3	2	1	2	5	4	6	4	3	2	2	2	5
"872"	4	6	5	6	3	5	3	3	3	2	5	4	6	5	5	4	6	5	5	5	4
"873"	3	5	3	4	3	3	4	2	3	4	4	5	3	4	3	4	4	4	4	4	5
"874"	5	4	5	4	4	4	4	5	6	5	5	4	5	4	6	4	6	3	6	6	3
"875"	4	4	4	4	5	3	3	6	4	4	5	4	4	3	5	3	4	4	4	6	4
"876"	5	4	2	4	6	4	4	2	5	3	3	6	3	3	3	4	5	4	3	5	3
"877"	4	4	5	6	4	4	4	5	3	3	3	4	4	4	5	4	5	5	4	4	4
"878"	4	3	4	3	4	3	3	3	1	2	1	3	3	1	3	2	2	2	4	4	7
"879"	6	4	4	5	3	4	2	4	3	3	5	2	5	3	5	5	5	4	3	4	4
"880"	4	4	4	5	2	3	3	3	4	4	3	5	4	3	3	4	6	1	3	3	5
"881"	5	5	6	6	5	4	6	6	3	4	4	5	6	4	4	4	4	3	4	4	5
"882"	5	5	4	6	3	4	4	4	5	3	4	5	5	6	6	4	6	6	5	6	2
"883"	4	4	4	3	4	4	4	3	3	3	2	4	3	4	3	4	4	4	3	3	6
"884"	1	5	3	3	5	3	3	4	2	2	1	2	3	2	2	2	4	5	5	3	5
"885"	5	3	4	2	5	5	3	5	5	3	3	5	5	4	4	5	3	4	6	6	3
"886"	5	4	3	3	5	4	7	5	4	3	4	3	4	5	4	4	6	4	4	3	6
"887"	5	5	5	4	5	6	6	5	2	3	2	1	4	2	6	2	3	3	4	7	2
"888"	5	4	5	5	4	3	4	3	4	3	3	4	3	3	5	5	3	5	1	4	4
"889"	5	6	6	3	5	5	5	3	4	3	4	4	6	4	7	4	5	6	5	4	5
"890"	5	5	5	2	2	4	3	5	4	5	4	5	3	3	4	3	7	4	5	4	5
